W_i = [0 0 1 3 0 0 0 0 0 0 0 0 0 0 0 0 0 0 0 0 0 0 2 1 0 0 0 0];
A_j = [0 1 0 0 0 0 0 0 0 1 0 0 0 1 0 0 0 0 0 1 0 0 0 0 0 0 0 0];
B_j = [0 0 0 0 0 0 0 0 0 0 0 0 0 0 0 0 0 0 0 0 0 1 0 0 0 1 0 0];

sigma_j = [2 3 2 3 1 3 2 2 2 2 2 1 3 2 2 2 4 4 4 2 2 2 3 3 2 2 2 0];
sigma_j+ = [0 0 1 0 1 1 0 1 1 1 0 0 1 1 0 0 0 1 0 1 0 0 1 0 0 0 0 0];

Y_pqr = [[[0 1 0 0 0] [0 0 0 0 0]]
         [[0 0 2 0 0] [0 0 0 0 0]]
         [[0 0 0 0 0] [0 0 0 1 3]]
         [[0 0 0 0 0] [0 0 0 0 0]]
         [[0 0 0 0 0] [0 0 0 0 0]]];
Z_pqr = [[[0 1 0 0 0] [0 0 0 0 0]]
        [[0 0 1 0 0] [0 0 0 0 0]]
        [[0 0 0 0 0] [0 0 0 1 1]]
        [[0 0 0 0 0] [0 0 0 0 0]]
        [[0 0 0 0 0] [0 0 0 0 0]]];

#The decision variables X[i][j][k][l] taking the value of 1.
X[1][2][7][2]=1
X[1][24][8][1]=1
X[2][8][19][2]=1
X[2][20][8][1]=1
X[2][22][21][4]=1
X[2][24][10][3]=1
X[3][10][1][6]=1
X[3][10][13][3]=1
X[3][10][14][5]=1
X[3][14][12][2]=1
X[3][14][20][4]=1
X[4][18][22][4]=1
X[5][9][9][1]=1
X[6][21][4][2]=1
X[6][21][8][1]=1
X[7][17][1][1]=1
X[7][17][6][2]=1
X[8][3][1][3]=1
X[8][4][16][6]=1
X[8][4][17][1]=1
X[8][23][6][2]=1
X[8][23][7][4]=1
X[8][23][15][5]=1
X[9][18][2][1]=1
X[9][18][9][4]=1
X[9][18][14][6]=1
X[9][18][18][2]=1
X[9][25][8][5]=1
X[9][25][17][3]=1
X[10][8][18][1]=1
X[11][8][10][2]=1
X[11][14][8][1]=1
X[12][19][1][2]=1
X[12][19][9][3]=1
X[12][19][16][1]=1
X[12][23][14][4]=1
X[13][9][17][1]=1
X[14][6][1][1]=1
X[14][6][18][2]=1
X[15][15][14][1]=1
X[15][26][9][3]=1
X[15][26][21][2]=1
X[16][3][18][5]=1
X[16][4][19][1]=1
X[16][12][17][4]=1
X[16][17][16][2]=1
X[16][19][15][6]=1
X[16][27][7][3]=1
X[17][13][22][2]=1
X[17][17][18][1]=1
X[18][2][13][2]=1
X[18][20][7][1]=1
X[18][20][12][3]=1
X[19][27][1][1]=1
X[20][3][14][2]=1
X[20][9][20][1]=1
X[21][6][19][2]=1
X[21][6][20][1]=1
X[22][13][10][1]=1
X[22][13][11][3]=1
X[22][13][21][2]=1
X[23][1][19][4]=1
X[23][1][22][2]=1
X[24][2][18][2]=1
X[25][5][3][1]=1
X[25][5][5][5]=1
X[25][7][2][4]=1
X[25][7][19][6]=1
X[25][16][9][3]=1
X[25][16][14][2]=1
X[26][11][1][1]=1
X[26][11][10][2]=1
X[27][15][7][1]=1
X[27][24][9][2]=1
X[28][22][8][1]=1